





                                                                              1000000000000000000000010
                                                                      0001111111111111100011111111111111110000
                                                                  100111111111111111         1111111111  111111000
                                                               0011111111111111111110       1111111111      0111111100                      00111100
                               00111100                    000111111     111111111111111111111111111111       111111111101                00111111120
                              01111111100               00211111111     01111111111000000000000000000111111111111111111112200            011111111110000
                          00000111111111100           00111111111110  111100000                       0000011111111111111122220         01111111111111110:
                        10111111111111111100        011111111111111111100                                   00011111   :111122220      0111111121011111110
                        011111111011111111110     01111111110111111100               00001110000               00211      111222202   01111111101111112110
                        0111111111201111111100  0211111111    11110           000111111111111111111120000         011     1111222220  0111111101111111110  000000
                100000   01111111111011111111000111111111    01100       :00111111111111111111111111111111100:     0011111111112222200011111101111111100   01111100
              001111120    021111111101111111001111111110   1100       00111111111111111111111100111111111111102     001111111112222201111110111111110     011111100000
         00000021111100     1011111111011111110111111111111110      :011111110001111111111111001 1011111111111100     1011111111122220111111011111100      0111111011110
        00111201111110        0111111112111111011111111111110      01111111100   0011111111000     001111111111110      0111101111222021111221111100       01111110111110
       001111101111110         01111111011111101111111111100     10111111100        00111100          00111111111101    0010    1112202111101111110        011111101111100
       0011111011111121        001111110111111011110  11111     0011111110:            000            011111111111100    011     111201111101111100       0011111011111100
      00011111101111110         011111100111110111    1110     001111111100                         01111111111111110    00110   111101111101111100       01111110111110100
      010111111101111110        00111112011111011    1110      0111111111111000                   02111111111111111100    0111111111101111101111100      011111101111110102
     001001111110211111100      0011111201111101110011122     02111111111111111000              0011111111111111111110    1011111111100111101111102    00111111011111101100
      011021111111011111100     001111101111100111111110      011111111111111111                  011111111111111111100   0011111111110111121111110  001111110111111102110
      01110011111110111111100   011111101111101111111110      01111111111111110        0000         0011111111111111100   00111   011100111111111100111111110111111101120
       0111001111111101111111100011111111111011111111110     00111111111111100       000000000        10111111111111100   00111   11111001111111111111111111111111011110
        01111101111111111111111111111111111011110  01111     0011111111100000111111111111111111111100000001111111111000   001110  1111110111111111111111111111101111110
         021111110111111111111111111111111011111    1110     0000000111111111111111111111111111111111111111111100000000   00111111111111200111111111111111111111111101
           0011111111111111111111111111110111111   11110000021111111111111111111111111111111111111111111111111111111111100000001111111111200111111111111111111112001
             000111111111111111111111111001111111111100011111111111111111111111111111111111111111111111111111111111111111111120000011000001111111111111111100000
                000000011111111111111111112000011100011111111111111111111111111111111111111111111111111111111111111111111111111110000011111111111100000000
                        10000000011111111111120000111111111111111111111111111111111111111111111111111111111111111111111111111111111100011111111101220
                              :01001111111110001111111111111111111111111111111111111111111111111111111111111111111111111111111111111110002000000222101
                              001111200000000111111111111111111111111111011111111011200001011211111111111111111111111111111111111111111100000000222200
                              0111111110000011111111111111111101000000122222222222222222222222222222222222222222212000111101111111111111100010101000100
                             1011111100::11111111111111010002222222222222222222222222222222222222222222222222222222222120211111111111111110::0011111101
                             0011100::::20111111111:1212222222222222222222222222222222222222222222221222222222222222222222220001111111111102::::0011100
                            :0000:::::::0111111111200222222222222222222221000001111111111111111111111100000022221222222222222222220011111100:::::::0000:
                       10110000:::::::10111111111222222222222122100011111111111111111111111111111111111111111111:00021222222222222222001110001:::::::111100
                        0111111110000002111111122222222222200021111111111111111111111111111111111111111111111111111111000211222222222222000111111111111010
                         1011111111111111111110222222222200111111111111100111111111111111111111111111111001111111111111111000222222222221000021111000000
                             00111111000111102222222220001111111111011111110011111111111111111111111110011111011111111111111002222222222000222222200
                              011111111011122222222100011111111111      11110011111111111111111111111111          111111111110022222222200222222220
                              :0111111101122222222220111111110:  00000000  111111111111111111111111100  000000000   001111111100222222100022222220
                               001111111002222222200111111111  0 0000000000  111111111111111111111111  000000000  0  11111111110022222002222222210
                                0111111111012222001111111111  00000000000000 :::::::::::::::::::::::  00000000000000  111111111100000022222212220
                                 011111111111110111111111111  00000000000000 ::::1111::00000:::11:::  00000000000000  11111111110211112222212220
                                 :01111111111110011111::::::: 00000000000000 ::::::::::01120::::::::: 00000000000000  ::::::1111011112222220220
                                  :0111101111111011:::::::::::  0000000000  :::::::::::::0:::::::::::   00000000000 ::::::::::1001112222220220
                                    01111011111101::::::::::::::   0000    :::::0::::::::0::::::::0::::    0000   :::::::::::::01112222220220
                                     001101111110:::::::::::121:1::::: 1::::::::01::::::0001::::10:::::::11::1::1::1:::::::::::0111222220201
                                      00110111110::::::::::::::::::::::::::::::::::000000000000:::::::::::::::::::::::::::::::101122222200
                                       :010111110::::::::::::::::::::::::::::::::::000211111100:::::::::::::::::::::::::::::::10122222200
                                         00111110:::::::::::::::::::::::::::::::::::01111111110:::::::::::::::::::::::::::::::2022222210
                                          0111110:::::::::::::::::::::::::::::::::::01111111110::::::::::::::::::::::::::::::::02222220
                                          0211110::::::::::::::::::::::::::::::::::::1111111111::::::::::::::::::::::::::::::::0022221:
                                          0211110::::::::::::::::::::::::::::::::::::011111110:::::::::::::::::::::::::::::::::00122220
                                          011111000::::::::::::::::::::::::::::::::::::011110::::::::::::::::::::::::::::::::::00002220
                                         :01111000000::::::::::::::::::::::::::::::::00::::::0:::::::::::::::::::::::::::::::00000:02220:
                                         00111100122100:::::::::::::::::::::::::::::::1111111:::::::::::::::::::::::::::::2000000001100220
                                         011110 0022221000:::::::::::::::::::::::::::::::11:::::::::::::::::::::::::::2100000100 022221000
                                       :011100   1022201    001::::::::::::::::::::::::::::::::::::::::::::::::::110000      20    22221000
                                     :001000       0100      20:2000::::::::::::::::::::::::::::::::::::::1100001::::::10   01       22221000
                                    :0000           00:     00:::::::10  1000002::::::::::::::1:00000000:      00::::::::0 00            22210
                                                     :0:   :0:::::::10        00000:              002::0:       00:::::::00
                                                       00  0::::::::0        0::::::::000000000:1:::::::0        0:::::10
                                                         000:::::::0        01::::::::0         0::::::::0        0::100
                                                           00:::::0        :0::::::::00         :0:::::::0:       0000
                                                             000000        0:::::::::0           0::::::::0  000000
                                                                 00000000000:::::::::0           000000002222100
                                                                     000111111111100000000012222222222222000
                                                                          00011112222222222222222220001
                                                                                 01000000000020

